Config: 1 and economic and False and 12870
Result: (0.5226854, 1.171142, 0.0009324009324009324)
0.0035158763991461864