Config: 1 and racist and False and 12870
Result: (0.27551478, 0.72215736, 0.05998445998445998)
0.0026484835147857666