Config: 1 and sentiment and False and 12870
Result: (0.5193296, 1.4783528, 0.0008547008547008547)
0.0023850036991967098