Config: 1 and ethic and False and 12870
Result: (0.1079793, 0.13973562, 0.40617715617715616)
0.0004786109262042575