Config: 1 and ethic and False and 12870
Result: (0.051591694, 0.066433735, 0.4489510489510489)
0.002433626585536533