Config: 1 and religious and False and 12870
Result: (0.17626274, 0.7886753, 0.08071095571095571)
0.0004507597949769762