Config: 1 and patriotism and False and 12870
Result: (-0.06394729, -0.1133708, 0.5925407925407925)
0.002236029307047526