Config: 1 and patriotism and False and 12870
Result: (0.4089223, 0.59819996, 0.1275058275058275)
0.0019271292289098105