Config: 1 and conspiratorial and False and 12870
Result: (0.0701239, 0.26559794, 0.30986790986790985)
0.002169714371363322