Config: 1 and patriotism and False and 12870
Result: (0.40892208, 0.59819967, 0.1275058275058275)
0.001966657837231954