Config: 1 and economic and False and 12870
Result: (0.49059808, 0.8233372, 0.015773115773115774)
0.0033373461829291446