Config: 1 and racist and False and 12870
Result: (0.7752863, 1.2176366, 0.001787101787101787)
0.0028812574015723335