Config: 1 and sentiment and False and 12870
Result: (0.41962683, 0.81680167, 0.017793317793317793)
0.004068611264228821