Config: 1 and religious and False and 12870
Result: (0.17350483, 0.6555427, 0.10971250971250972)
0.001895286374621921