Config: 1 and conspiratorial and False and 12870
Result: (0.10802145, 0.49977067, 0.1749028749028749)
0.0021300000614590114