Config: 1 and racist and False and 12870
Result: (0.27551478, 0.7221573, 0.053224553224553224)
0.0026794120338228017