Config: 5 and propaganda and False and 12870
Result: (1.6931182, 1.15579, 0.0006993006993006993)
0.0046952770815955275