Config: 1 and ethic and False and 12870
Result: (0.8917994, 1.1139358, 0.001320901320901321)
0.0035424157645967272