Config: 5 and propaganda and False and 12870
Result: (-0.5429966, -0.22406492, 0.7805749805749805)
0.008611632386843364