Config: 1 and religious and False and 12870
Result: (0.5475967, 0.60827607, 0.05625485625485625)
0.0034884936941994562