Config: 1 and racist and False and 12870
Result: (0.7752863, 1.2176363, 0.0021756021756021756)
0.002926389575004578