Config: 1 and religious and False and 12870
Result: (1.3771719, 1.321819, 0.0001554001554001554)
0.0037649901707967125