Config: 1 and sentiment and False and 12870
Result: (0.5193298, 1.478353, 0.0008547008547008547)
0.0023207148578431873