Config: 1 and religious and False and 12870
Result: (-0.12752688, -0.57041115, 0.8598290598290599)
0.0018580486377080283