Config: 1 and religious and False and 12870
Result: (0.17626286, 0.7886757, 0.08071095571095571)
0.00045499093002743186