Config: 1 and ethic and False and 12870
Result: (0.72157425, 1.0241076, 0.008158508158508158)
0.002809722357326084