Config: 1 and economic and False and 12870
Result: (0.5226855, 1.1711421, 0.0006993006993006993)
0.003566881418228149