Config: 1 and sentiment and False and 12870
Result: (0.33152556, 0.9541261, 0.031701631701631705)
0.00239570869339837