Config: 1 and conspiratorial and False and 12870
Result: (0.10802149, 0.49977088, 0.1749028749028749)
0.0022366208500332304