Config: 1 and economic and False and 12870
Result: (0.40869528, 0.7830699, 0.06798756798756798)
0.0019528406858444214