Config: 1 and conspiratorial and False and 12870
Result: (0.51436317, 1.1017394, 0.0011655011655011655)
0.0037319356203079222