Config: 1 and racist and False and 12870
Result: (0.74254835, 1.3863709, 0.0018648018648018648)
0.0020923953586154515