Config: 1 and ethic and False and 12870
Result: (0.051591694, 0.066433735, 0.44646464646464645)
0.002507328391075134