Config: 1 and ethic and False and 12870
Result: (0.050382078, 0.13551408, 0.40264180264180266)
0.0019916752974192303