Config: 5 and political and False and 12870
Result: (1.6992141, 1.2244178, 0.0)
0.006743055648273892