Config: 1 and racist and False and 12870
Result: (0.65996313, 1.1797508, 0.0006993006993006993)
0.0036255355013741384