Config: 1 and ethic and False and 12870
Result: (0.6758617, 1.2210679, 0.006604506604506605)
0.0019374848074383206