Config: 1 and conspiratorial and False and 12870
Result: (0.0855712, 0.23254028, 0.3124320124320124)
0.002694444391462538