Config: 1 and conspiratorial and False and 12870
Result: (0.08557105, 0.23253985, 0.31476301476301477)
0.0028452443414264256