Config: 1 and sentiment and False and 12870
Result: (0.41962695, 0.81680167, 0.016938616938616938)
0.004070696036020915