Config: 1 and conspiratorial and False and 12870
Result: (0.3966976, 0.87771034, 0.01818181818181818)
0.002934421565797594