Config: 1 and racist and False and 12870
Result: (0.2928753, 0.69521976, 0.09277389277389278)
0.0020736030737559