Config: 1 and ethic and False and 12870
Result: (0.10797915, 0.13973545, 0.40617715617715616)
0.00046678536468082004