Config: 1 and economic and False and 12870
Result: (0.49059817, 0.8233374, 0.01452991452991453)
0.003947508732477824