Config: 1 and conspiratorial and False and 12870
Result: (0.06392018, 0.21989712, 0.3522727272727273)
0.0004971974425845676