Config: 1 and ethic and False and 12870
Result: (0.07866943, 0.16628891, 0.37785547785547785)
0.001839544243282742