Config: 1 and ethic and False and 12870
Result: (0.7215743, 1.0241077, 0.007614607614607615)
0.0027975527445475257