Config: 1 and ethic and False and 12870
Result: (0.8917994, 1.1139358, 0.0009324009324009324)
0.0035550001594755387