Config: 1 and ethic and False and 12870
Result: (0.5815675, 1.1529142, 0.000777000777000777)
0.0036152880059348216