Config: 1 and religious and False and 12870
Result: (0.54759705, 0.60827655, 0.06013986013986014)
0.0035300019052293564