Config: 1 and ethic and False and 12870
Result: (0.6758617, 1.221068, 0.006604506604506605)
0.001986388630337185