Config: 1 and economic and False and 12870
Result: (-0.11198932, -0.4742654, 0.8590520590520591)
0.0027178137169943917