Config: 1 and patriotism and False and 12870
Result: (0.9963696, 1.3853151, 7.77000777000777e-05)
0.0036162519454956054