Config: 1 and religious and False and 12870
Result: (0.61142087, 0.6992526, 0.05586635586635587)
0.0028797237078348795