Config: 5 and political and False and 12870
Result: (0.32559258, 0.28928852, 0.1662004662004662)
0.0063591737217373314