Config: 1 and economic and False and 12870
Result: (0.06604582, 0.26511818, 0.31993006993006995)
0.00047065271271599663