Config: 1 and racist and False and 12870
Result: (1.0505078, 1.3589967, 0.0)
0.003604560958014594