Config: 1 and religious and False and 12870
Result: (0.75909877, 1.1015064, 0.013286713286713287)
0.0020042019420199926