Config: 1 and religious and False and 12870
Result: (0.6114209, 0.6992526, 0.05726495726495726)
0.002795653409428067