Config: 1 and religious and False and 12870
Result: (0.17350474, 0.65554225, 0.10971250971250972)
0.0018033393224080403