Config: 1 and sentiment and False and 12870
Result: (0.62361574, 1.2641467, 0.002641802641802642)
0.003043888277477688