Config: 1 and conspiratorial and False and 12870
Result: (0.77749383, 1.2783867, 0.0002331002331002331)
0.0037966173224978977