Config: 1 and economic and False and 12870
Result: (0.06604588, 0.26511842, 0.31993006993006995)
0.00046731041537390814