Config: 1 and racist and False and 12870
Result: (0.2928753, 0.69521964, 0.09277389277389278)
0.0020711920658747353