Config: 1 and conspiratorial and False and 12870
Result: (0.2767504, 1.1267048, 0.010101010101010102)
0.0021988885270224677