Config: 1 and conspiratorial and False and 12870
Result: (0.2767505, 1.1267054, 0.010101010101010102)
0.002213071386019389