Config: 1 and ethic and False and 12870
Result: (0.07866955, 0.16628912, 0.37785547785547785)
0.0019236122237311468