Config: 5 and sentiment and False and 12870
Result: (0.8658813, 0.6357534, 0.012587412587412588)
0.007173934446440803