Config: 1 and sentiment and False and 12870
Result: (0.34130582, 0.84779674, 0.014374514374514374)
0.004158604343732198