Config: 1 and religious and False and 12870
Result: (-0.26552063, -0.5677646, 0.888966588966589)
0.002391102645132277