Config: 1 and economic and False and 12870
Result: (0.005292088, 0.026193665, 0.48104118104118104)
0.0025144443247053358