Config: 1 and economic and False and 12870
Result: (-0.048844114, -0.13619857, 0.5996114996114996)
0.001963063875834147