Config: 1 and conspiratorial and False and 12870
Result: (0.39669755, 0.87771034, 0.021756021756021756)
0.003314999871783786