Config: 5 and political and False and 12870
Result: (1.1889948, 1.1571951, 0.0004662004662004662)
0.005285277234183417