Config: 1 and patriotism and False and 12870
Result: (0.3665361, 0.6246314, 0.11763791763791764)
0.001991957757208082