Config: 1 and sentiment and False and 12870
Result: (0.3413057, 0.8477964, 0.012665112665112666)
0.004280323187510173