Config: 1 and sentiment and False and 12870
Result: (0.44454, 1.056933, 0.026515151515151516)
0.0005543118053012424