Config: 5 and sentiment and False and 12870
Result: (0.6350038, 0.7146159, 0.006993006993006993)
0.006540796558062236