Config: 1 and patriotism and False and 12870
Result: (-0.20954444, -0.33883548, 0.7342657342657343)
0.0018037996689478557