Config: 1 and racist and False and 12870
Result: (0.7425482, 1.3863708, 0.0018648018648018648)
0.002111944291326735