Config: 5 and propaganda and False and 12870
Result: (0.724156, 0.4656275, 0.05718725718725719)
0.009265624284744263