Config: 1 and racist and False and 12870
Result: (0.49693787, 1.5539854, 0.0002331002331002331)
0.002138888306087918