Config: 1 and patriotism and False and 12870
Result: (0.61404145, 1.2909058, 0.0006993006993006993)
0.0028075448671976725