Config: 1 and patriotism and False and 12870
Result: (0.32233375, 0.8394147, 0.0673076923076923)
0.0004660226901372274