Config: 1 and economic and False and 12870
Result: (0.14949006, 0.4246336, 0.21592851592851592)
0.001818614602088928