Config: 5 and sentiment and False and 12870
Result: (0.62725127, 0.74195004, 0.016394716394716395)
0.007893882460064358