Config: 1 and patriotism and False and 12870
Result: (-0.20954452, -0.33883566, 0.7342657342657343)
0.0018152415090137057