Config: 1 and sentiment and False and 12870
Result: (0.5876673, 1.3469082, 0.002874902874902875)
0.002423882285753886