Config: 1 and patriotism and False and 12870
Result: (-0.063947156, -0.11337056, 0.5926184926184926)
0.002344730959998237