Config: 1 and sentiment and False and 12870
Result: (0.6236155, 1.2641467, 0.0024087024087024087)
0.0030050199561648897