Config: 1 and patriotism and False and 12870
Result: (0.4779297, 0.8280805, 0.013597513597513598)
0.003623394966125488