Config: 1 and racist and False and 12870
Result: (0.65996313, 1.1797508, 0.0008547008547008547)
0.003707787063386705