Config: 5 and sentiment and False and 12870
Result: (0.6511604, 0.5050147, 0.038306138306138306)
0.008780071006880866