Config: 5 and political and False and 12870
Result: (-0.032117546, -0.029419156, 0.544055944055944)
0.007661906480789184