Config: 1 and religious and False and 12870
Result: (-0.26552063, -0.5677645, 0.8912975912975913)
0.0024387739102045697