Config: 1 and sentiment and False and 12870
Result: (0.44454008, 1.0569332, 0.026515151515151516)
0.0005738973617553711