Config: 1 and conspiratorial and False and 12870
Result: (0.06392019, 0.21989717, 0.3522727272727273)
0.0005272138781017727