Config: 5 and political and False and 12870
Result: (-0.34784007, -0.2805338, 0.8436674436674436)
0.007717222174008688