Config: 1 and sentiment and False and 12870
Result: (0.5876671, 1.346908, 0.002874902874902875)
0.0023613913191689387