Config: 1 and religious and False and 12870
Result: (-0.12752691, -0.5704112, 0.8598290598290599)
0.0020076521237691243