Config: 1 and sentiment and False and 12870
Result: (0.33152574, 0.9541267, 0.031701631701631705)
0.002253584067026774