Config: 1 and patriotism and False and 12870
Result: (0.32233387, 0.839415, 0.0673076923076923)
0.0004672297504213121