Config: 1 and ethic and False and 12870
Result: (0.05038204, 0.13551396, 0.40264180264180266)
0.0018884830342398749