Config: 1 and patriotism and False and 12870
Result: (0.47792953, 0.82808024, 0.013597513597513598)
0.003931944568951924