Config: 1 and economic and False and 12870
Result: (0.14948988, 0.42463306, 0.21592851592851592)
0.0018836059835222034