Config: 1 and conspiratorial and False and 12870
Result: (0.51436335, 1.1017396, 0.001320901320901321)
0.0036269915766186183