Config: 1 and racist and False and 12870
Result: (0.18637961, 0.5167584, 0.1861888111888112)
0.0004950007465150621