Config: 1 and conspiratorial and False and 12870
Result: (0.07012395, 0.26559818, 0.30986790986790985)
0.0020723687277899847