Config: 1 and religious and False and 12870
Result: (1.3771718, 1.3218191, 0.0002331002331002331)
0.0033814483218722875