Config: 1 and patriotism and False and 12870
Result: (0.36653596, 0.6246311, 0.11763791763791764)
0.001998338964250353