Config: 1 and sentiment and False and 12870
Result: (0.42996255, 0.87200683, 0.02292152292152292)
0.0029200273089938695