Config: 1 and ethic and False and 12870
Result: (0.5815675, 1.1529144, 0.0006993006993006993)
0.0035422107246187