Config: 1 and economic and False and 12870
Result: (0.0052919686, 0.026193025, 0.4802641802641803)
0.002508016758494907