Config: 1 and racist and False and 12870
Result: (1.0505077, 1.3589965, 7.77000777000777e-05)
0.003763667808638679