Config: 5 and sentiment and False and 12870
Result: (0.62725115, 0.74194974, 0.014607614607614608)
0.004294327563709683