Config: 5 and sentiment and False and 12870
Result: (0.86588126, 0.6357534, 0.014063714063714063)
0.006807406346003214