Config: 5 and propaganda and False and 12870
Result: (1.1822482, 0.66233623, 0.009246309246309247)
0.009386518597602844