Config: 5 and propaganda and False and 12870
Result: (2.8621929, 1.336189, 0.0)
0.0050961626900566945