Config: 5 and propaganda and False and 12870
Result: (2.8627858, 1.4163234, 0.0)
0.005110100110371908