Config: 5 and propaganda and False and 12870
Result: (2.560446, 1.3073597, 0.0)
0.005220834149254693