Config: 5 and political and False and 12870
Result: (1.3956947, 1.4207296, 0.0)
0.005369387136565314