Config: 5 and political and False and 12870
Result: (1.5179517, 1.4064308, 0.0)
0.00650722066561381