Config: 5 and political and False and 12870
Result: (1.6293738, 1.410607, 0.0)
0.0060716612471474534