Config: 5 and sentiment and False and 12870
Result: (0.6350038, 0.71461606, 0.00675990675990676)
0.005453508694966634