Config: 5 and sentiment and False and 12870
Result: (0.29967654, 0.24251024, 0.19665889665889666)
0.009440832667880589