Config: 5 and political and False and 12870
Result: (1.1889949, 1.1571952, 0.0003885003885003885)
0.004449310170279609