Config: 5 and political and False and 12870
Result: (1.6992142, 1.2244179, 7.77000777000777e-05)
0.005727830462985569