Config: 5 and sentiment and False and 12870
Result: (1.7241743, 1.3533928, 0.0)
0.006668606864081489