Config: 5 and propaganda and False and 12870
Result: (1.6931183, 1.15579, 0.0002331002331002331)
0.003934572272830539